1.000   0.00006
0.95    0.004671
0.9     0.009309
0.85    0.013753
0.8     0.018015
0.75    0.021581
0.7     0.024629
0.65    0.027225
0.6     0.029352
0.55    0.031014
0.5     0.032181
0.45    0.032794
0.4     0.032775
0.35    0.032075
0.3     0.030784
0.25    0.0289
0.2     0.026364
0.15    0.023063
0.10    0.018793
0.075   0.016152
0.05    0.013027
0.025   0.009043
0.0125  0.00635
0.0075  0.004931
0.005   0.004061
0.000   0.000
0.005  -0.002724
0.0075 -0.003181
0.0125 -0.003793
0.025  -0.004709
0.05   -0.005732
0.075  -0.00636
0.1   -0.006816
0.15  -0.007408
0.2   -0.007731
0.25  -0.007854
0.3   -0.007804
0.35  -0.007592
0.4   -0.007199
0.45  -0.006513
0.5   -0.00558
0.55  -0.004491
0.6   -0.003315
0.65  -0.002117
0.7   -0.000961
0.75  0.000047
0.8   0.000704
0.85  0.0007
0.9   0.000516
0.95  0.000242
1.00 -0.00006











