# x, y, gamma, sigma
1.960488035976380772e+00 1.556164728773407578e-02 2.449503658967646172e-02 -9.349322261116626009e-01
1.882500079796356918e+00 4.683072989187415935e-02 2.449504480615203456e-02 -6.055013389050633021e-01
1.804562521431011479e+00 7.822620625720946852e-02 2.449510117991646890e-02 -4.407563609591330644e-01
1.726516018282364673e+00 1.093498720755974873e-01 2.449515685572443285e-02 -3.474601283585301292e-01
1.648276501974514918e+00 1.399860452913990472e-01 2.449552395788135231e-02 -2.863229696541220171e-01
1.569795614201392908e+00 1.699978151357473821e-01 2.449506809933249193e-02 -2.428281960058977784e-01
1.491056747083734146e+00 1.993236182557934222e-01 2.449512674923225511e-02 -2.099503148307019229e-01
1.412040349480650825e+00 2.278925230888961539e-01 2.449502631068463041e-02 -1.839676931802806947e-01
1.332734401973010518e+00 2.556477012825060235e-01 2.449523482161782700e-02 -1.624733751884022692e-01
1.253126194121830572e+00 2.825242149609096254e-01 2.449526372731770582e-02 -1.443242226876093326e-01
1.173190729795239751e+00 3.084091270523792727e-01 2.449513380412753072e-02 -1.287548219045633602e-01
1.092928814270898163e+00 3.332624978385316794e-01 2.449498111237502149e-02 -1.154805056951212633e-01
1.012361789292288705e+00 3.571080424536912101e-01 2.449512780892311795e-02 -1.038008902232123720e-01
9.314985651155091029e-01 3.799298846181057288e-01 2.449514608407808020e-02 -9.343401277826986207e-02
8.503494271974466612e-01 4.017155821084588130e-01 2.449549541041914566e-02 -8.409537013112790282e-02
7.688965040729291989e-01 4.223335406094443911e-01 2.449526372731769541e-02 -7.512225259849401870e-02
6.871266681509278218e-01 4.416533293841092833e-01 2.449509270439341468e-02 -6.704421995662211697e-02
6.050777122273272024e-01 4.597526931035754716e-01 2.449508970275219091e-02 -6.006243757150740020e-02
5.227849841549457865e-01 4.767090358871890476e-01 2.449507907534278703e-02 -5.359180529007977895e-02
4.402522751325251837e-01 4.924550213083889183e-01 2.449526372731770235e-02 -4.729761360065351528e-02
3.574556783201030541e-01 5.067386268330134058e-01 2.449506520640131260e-02 -4.058379448532072054e-02
2.744209269266610907e-01 5.195759834888066253e-01 2.449513073002967944e-02 -3.538844018067677233e-02
1.912026742962080750e-01 5.311637410801047787e-01 2.449504961970353639e-02 -3.045551450521154571e-02
1.078138313923499847e-01 5.414515852406003305e-01 2.449526372731770235e-02 -2.561488643169003085e-02
2.424364228384100900e-02 5.501213189467698550e-01 2.449523155948343800e-02 -1.966958287529506008e-02
-5.948184910346421272e-02 5.571609494696694309e-01 2.449504024776262903e-02 -1.544417168299716189e-02
-1.433115693606991092e-01 5.628191885939906047e-01 2.449503884048810642e-02 -1.136135660316685107e-02
-2.272247492558702175e-01 5.670607959336959603e-01 2.449504597732334726e-02 -7.419880439236711464e-03
-3.112051647464275650e-01 5.695558635334921904e-01 2.449526372731771276e-02 -2.043858494729150835e-03
-3.952223922874698037e-01 5.702277011198817469e-01 2.449498627913006960e-02 1.842203219383067858e-03
-4.792372803124709812e-01 5.693150431957070268e-01 2.449519775917929215e-02 5.498288649692464371e-03
-5.632191392965320009e-01 5.667938465026109984e-01 2.449506109977738280e-02 9.093685114725141502e-03
-6.471302451483582630e-01 5.625407232880456077e-01 2.449526372731770235e-02 1.298657914482807124e-02
-7.309146636510595041e-01 5.562872250182641087e-01 2.449549287033252892e-02 1.766484851340892337e-02
-8.145280632775766527e-01 5.480377775460574252e-01 2.449514148434728950e-02 2.118619782005395913e-02
-8.979362530244927587e-01 5.379302459241572798e-01 2.449519611770279576e-02 2.470905721252709616e-02
-9.810853336776539368e-01 5.258794846986518667e-01 2.449512990597509099e-02 2.825655654275814610e-02
-1.063912926908994860e+00 5.117911366919835059e-01 2.449524137593581813e-02 3.184599218247003566e-02
-1.146346855377407215e+00 4.955606990511852716e-01 2.449520226631725014e-02 3.549218436347073569e-02
-1.228302512866561225e+00 4.770722369568152210e-01 2.449500892097785168e-02 3.920749290064774045e-02
-1.309676039052471985e+00 4.561755540365233230e-01 2.449526372731771623e-02 4.313465339987884728e-02
-1.390355357341974685e+00 4.327411246977189152e-01 2.449550356358588463e-02 4.696062244667672386e-02
-1.470212762956566444e+00 4.066494447689357750e-01 2.449501088531775769e-02 5.081292567146360878e-02
-1.549062480498476502e+00 3.776660007107370820e-01 2.449515333111929039e-02 5.505889476856969805e-02
-1.626679396525322119e+00 3.455333598107798165e-01 2.449513322394861192e-02 5.929840211302201541e-02
-1.702792728733052208e+00 3.099954386232224302e-01 2.449533484470645811e-02 6.358657215777077654e-02
-1.777031119360839462e+00 2.707056090315381192e-01 2.449502799070839981e-02 6.767267602883798860e-02
-1.848578229928725891e+00 2.267619040154307264e-01 2.449509807812423265e-02 7.402575667899387313e-02
-1.916181103615956616e+00 1.770137537804818417e-01 2.449542749337997941e-02 7.998869505834874105e-02
-1.976749259828500138e+00 1.191822837186941597e-01 2.449500439029978979e-02 9.097076569854654904e-02
-2.018902173808560629e+00 4.825988850831173377e-02 2.449547052109564763e-02 1.173630144398715019e-01
-2.006877421782096160e+00 -2.405828703290106840e-02 2.449521289260380916e-02 9.977106099126006877e-02
-1.939854708486619117e+00 -6.702648914900791177e-02 2.449497817079469494e-02 1.349970559685549458e-02
-1.857143287733135306e+00 -7.946288725492224592e-02 2.449511134382674135e-02 -9.892775494415863638e-03
-1.773212235331560471e+00 -8.009301494654602616e-02 2.449504371847754589e-02 -2.207651218078714520e-02
-1.689384656985053912e+00 -7.474296440613242831e-02 2.449553888222633785e-02 -2.854666071199354893e-02
-1.605840426511896180e+00 -6.588785490844853432e-02 2.449505153715806141e-02 -3.304570797565262869e-02
-1.522574406691074245e+00 -5.466996550505549834e-02 2.449522932932480732e-02 -3.597352894809334456e-02
-1.439531334315345967e+00 -4.188201409050740232e-02 2.449537522081736071e-02 -3.769876471149003622e-02
-1.356650043894684687e+00 -2.807738862792351353e-02 2.449507891599755904e-02 -3.852564860262799179e-02
-1.273876390311551976e+00 -1.363709171575438681e-02 2.449545674850056934e-02 -3.870646636209587599e-02
-1.191170208948314491e+00 1.187219333791493785e-03 2.449519724857763744e-02 -3.845180994024301191e-02
-1.108501928832847483e+00 1.622015555704523979e-02 2.449526372731770582e-02 -3.783961027280420553e-02
-1.025836642087907702e+00 3.126773439204011407e-02 2.449500220689696667e-02 -3.667367268220027982e-02
-9.431508680542366463e-01 4.620122275104462939e-02 2.449515442180242794e-02 -3.538465400974374897e-02
-8.604228657482761999e-01 6.090065474582406768e-02 2.449526372731770235e-02 -3.356893088076259163e-02
-7.776287546238280779e-01 7.522190546985636772e-02 2.449509019670302948e-02 -3.148405315011199718e-02
-6.947773042850443614e-01 8.920860629629821792e-02 2.449526372731771623e-02 -2.964635741093638380e-02
-6.118327656340365461e-01 1.026244008817165376e-01 2.449500224453836014e-02 -2.641416707725665822e-02
-5.287906091238983031e-01 1.154280467863242621e-01 2.449519519754226812e-02 -2.411609114787184593e-02
-4.456637995139023367e-01 1.276677908776151504e-01 2.449526372731770235e-02 -2.083062088626159644e-02
-3.624291883581106655e-01 1.391547843302157195e-01 2.449534821424785916e-02 -1.752082451762372942e-02
-2.791063891738949643e-01 1.499853830077664263e-01 2.449526372731770582e-02 -1.428996302423130374e-02
-1.956775704828520590e-01 1.599515256290320875e-01 2.449512042763817704e-02 -9.871745297361296523e-03
-1.121611577633557094e-01 1.691706038127027412e-01 2.449526372731770235e-02 -6.697998903804841010e-03
-2.854743935496288632e-02 1.774300125340521062e-01 2.449535279307920796e-02 -1.114716510327841371e-03
5.515556711094441594e-02 1.847692581612345175e-01 2.449524705875666050e-02 2.373082586262270383e-03
1.389326782522359582e-01 1.911557471237509409e-01 2.449526372731769888e-02 8.543035613314894569e-03
2.227869874309285347e-01 1.964834883551494493e-01 2.449503645395960730e-02 1.295077937288553922e-02
3.066943197165747370e-01 2.008465822013082991e-01 2.449526372731771276e-02 1.937301690241893110e-02
3.906552878030051801e-01 2.040658421332792183e-01 2.449503248081062734e-02 2.509193031261070309e-02
4.746481036355001959e-01 2.062679868080135870e-01 2.449526372731769194e-02 3.183639436961311492e-02
5.586642058951384326e-01 2.072417558356663969e-01 2.449527830779000062e-02 3.915783831931241021e-02
6.426872853618239567e-01 2.071569075299887486e-01 2.449526372731770582e-02 4.631380840895915618e-02
7.266948807475710481e-01 2.057592510325720325e-01 2.449515787814393608e-02 5.570128444340909785e-02
8.106788657998902359e-01 2.031799740600228610e-01 2.449533006590631432e-02 6.376105866645412346e-02
8.946072375669185117e-01 1.992974884139160630e-01 2.449526372731770235e-02 7.527849322177775082e-02
9.784591115721639198e-01 1.939459482725902073e-01 2.449500718749582709e-02 8.562671738139762678e-02
1.062231073605733656e+00 1.874803167653589508e-01 2.449526372731772664e-02 9.830054315343950133e-02
1.145866500882333661e+00 1.794623386909991736e-01 2.449498659015044572e-02 1.131748403114386514e-01
1.229355994820330089e+00 1.700221525774265885e-01 2.449498262445114899e-02 1.287862138255864708e-01
1.312685354791944370e+00 1.592716219771053709e-01 2.449526372731772664e-02 1.483652798619883584e-01
1.395776407225848947e+00 1.468201388415561193e-01 2.449516078627650417e-02 1.716123544887043217e-01
1.478609089923437647e+00 1.327420995326415443e-01 2.449502350885141358e-02 1.986505629095369763e-01
1.561170324867505954e+00 1.171551061341195576e-01 2.449522997574654984e-02 2.332932825715992031e-01
1.643393871273565843e+00 9.987976881853416478e-02 2.449499042373937119e-02 2.789671324139373354e-01
1.725208751136907859e+00 8.076726755991411877e-02 2.449504730483105866e-02 3.424677311617123077e-01
1.806545055587783999e+00 5.971306132956880064e-02 2.449500768469609069e-02 4.380966621219347656e-01
1.887310398644514109e+00 3.657020311475094737e-02 2.449510268248775158e-02 6.043878747597253298e-01
1.963530119394147899e+00 1.224130012795805050e-02 2.216088162803103723e-02 8.439762009939690834e-01
